0.3693916144267502
3.6470210699732184
-0.6557442267871444
0.005172910202118236
0.9103973110124117
0.8967346243291289
0.8514889127945988
0.8593027160558148
-1.8667243659953527
0.5446963034298311
0.28953856836066055
-2.1040806095837876
-0.5522157201128112
-0.07326392671430548
1.3254919111825076
-0.6097438621047853
-1.2500196329331807
0.9315534722918662
-0.8224451897146813
-0.060242109854047064
-1.117079721257326
-0.8838428870022539
0.45096582174126465
1.2052809759674805
-0.3549300503267526
0.8532639616860926
-1.1434723491946235
-0.3790343052231466
1.0889343838583938
-1.6262527057790115
-0.4152165715425188
-0.5859123026514667
0.3606803261804653
-0.8033171487106617
-0.9518517518590089
0.12125655746285338
-0.13283874611889812
0.25387062395721793
2.0796782992870173
1.3118863234063647
-1.9048134806418051
-0.6974687006499978
0.3731233573578091
0.2503105181268108
-0.12618276000882267
-0.46974766016977876
-0.33352098652526724
-1.8200632678498994
-2.0709457653332204
-0.4772460478701924
0.31904664273805794
0.21241813469101736
1.015580536914041
1.531238920401108
0.2996390717776696
1.656242553687693
0.14518549237223408
-0.7671611845592616
0.3427705935025676
-0.18165907218859437
0.31842002880143233
1.0603948515750785
-0.7357066928523839
0.5138727127446048
0.1487112501270022
-0.69617426217064
1.249285652212537
-1.578612670933761
-0.8069105524277153
0.578786377644268
-0.8862226587952861
-1.6259788855011406
-1.2828927062570417
-0.14812617616602963
-0.6041695937291014
-0.8772163055416131
-0.39853576258905715
-0.7334412334075673
1.2297856878693014
0.800742284390609
-2.689388613021008
0.6737653711506627
1.0053010290852287
0.7264337767630904
-1.2653329043257768
-0.11109267903926136
0.4884466794575554
0.41515023347984276
-1.7722486731469278
-0.9180871222032617
-2.068510303794618
-1.935559721449859
-1.3653207937388987
0.7083289953882448
0.015413886393804166
-1.1242352078042033
-0.5149005526590578
-0.42750442967623814
1.48874662675012
-1.4257532105738644
