-0.561017758629975
-0.8673548884812126
0.6138341710725561
-0.11913192015953797
0.12214200893367803
0.03128036100968431
-1.9152826380689816
-0.5448678068688672
0.5352451492255093
-0.055370559073221845
-0.016899423290345016
-0.3911606723291346
0.7076528632009512
-0.5805575344354463
0.6482746174735027
-0.10414855863912859
0.7706587782434341
-1.6653103325517291
1.3944957722429832
-0.1890875219000681
-0.12128998607695787
-0.9291939507932477
0.08786408604019699
-0.6313213557363783
1.3820345694882223
-0.2786315301874384
-0.6355320235772239
-0.07011447559336788
-0.5216009228335377
-0.9763974180974989
-0.22078806368561552
0.3889464245934265
-1.311161226502862
-1.3773316550098733
0.474542647631365
0.6788020850020201
-0.3866237378156957
1.3651592344643386
-0.9869131770133889
-0.7781549651900642
-0.6244303963558874
-0.5167083889019604
2.6301809899033044
-1.5212389376418547
-0.4824992547150747
0.2642608400635169
-1.3316533156056543
-0.09051604684424204
-0.1942993692389602
0.17849470941667053
-0.33932616165292895
0.11416457295344175
1.3083756585316286
1.478787289144193
-0.3709434478744969
1.6711909273343037
-2.5338551927544204
-1.9536738335177386
-0.769492676759101
-0.5996479385446501
0.6062353182525515
-0.7017582307122799
1.235223741418984
-1.663858263391106
0.9345242669655697
0.48505741276633146
-1.1799450117497507
-0.9616966839336575
0.7110432596177135
-1.4351219420978805
0.6777028654171989
1.3109937238856864
0.1827964232974697
0.2816667439793499
-0.6050492914989027
-1.2342279235490572
-1.1550410784749465
1.6615200499206788
-0.5148429964304025
-1.1186115684856541
0.5316025920679263
-1.0835578853461887
-1.747822826252747
0.4137144628240334
-0.7562139252036741
0.5833405830562267
1.869781100447739
-0.2699530477718885
-1.4809583483963003
0.34784683770637737
-0.2687719835119005
0.873515502605829
-1.3909545855875642
2.3213399617719137
0.04608602660686144
1.7562885577747829
-0.583058792546969
1.2396387811650798
-0.35216576208271433
-0.38175424950431824
