2.209690122420631
1.1598118659742858
0.2707785345001097
1.0120317414047797
-1.2920130538065306
-1.2255684211235496
0.3612599134364396
0.20120693550215796
1.4426908805956105
1.3843303813834011
-0.2502888190850644
1.9484260899946448
-0.09237831570797217
2.3442839825234634
0.5596787511415046
1.113604714714875
0.11950310259902869
1.799985582874771
2.009054658586225
0.9614708761333799
0.5639230406421952
1.0489484908033668
0.018723568072403052
1.063301796255262
0.3979285774948459
0.951601793820595
0.44468483240368345
0.39161347709475225
-0.7513858992403442
0.7582693232599542
2.0095464994360315
0.2160048699187857
-0.8835077720925135
-0.3615995968095417
0.24302723947760418
1.768287312507994
0.8704781826893478
0.9849321291555949
0.19036610113410296
0.9085359898769267
-0.8689282340759685
0.9751822585953642
1.7177619607200132
-0.3615875231496867
0.13926357948688972
-1.686764457228878
-1.6577837563325337
0.9853659923019209
2.4093139951110025
-0.6462940196587532
0.9343743486723612
0.2940577516527558
1.0646163805280378
1.6554004118093257
2.616255873506262
-1.5798941237059934
-0.5425160993706672
-0.8499149263859178
-1.6121288744931168
0.7403624149006358
0.7765179668143243
0.47640599498037367
-0.6901983855689551
-0.6470565121899252
1.6255737573855449
1.358447933056934
-2.937784146412303
0.19826054195473253
-0.9588561938526574
-0.15360012164552983
0.09904107408188739
-0.18866248845458278
0.33556191963983995
-1.0387980695920753
0.28249542478698697
1.1871740320610913
-1.2180662624293712
-1.1929085020823194
-0.4326422579706656
0.3808757710083792
0.1626363022928844
0.3503323263291973
-0.21605869925530308
1.5374999397649516
1.073740786024002
-0.5974612311076815
0.6580047817444197
-0.5090189454619978
0.9326522747608721
0.332953105314508
0.30738862146852985
1.2265826336953158
-1.2710117423957956
-0.10149536888598865
-1.0612781606950246
0.9865046059335962
0.08697936885996588
0.3762001464920639
1.6408193107649989
1.1205596322051585
