0.6934760865964358
1.0786938045122985
2.338118015680992
2.682171645790728
1.459608209762906
0.40820044606310424
1.079573930717442
1.7156256630900468
0.7209054908001611
1.6538811493186039
0.2820666106126245
-0.010115691990258524
2.8720852988137597
1.1801709680876802
0.9651892431542223
1.8515418484725557
3.0985432271246354
-0.18630738000208602
1.3580827008629377
2.1410056578169128
0.8410460259128425
1.0128957492443442
1.2986560062154564
1.5779150085295248
1.819648944411552
1.3361624777860515
1.1746256950494756
0.7686286513786561
2.420345528158607
-0.40275326069362616
0.9272130021288372
0.3054808699565086
0.739429958563145
0.8448116919610832
-0.5280790455435485
1.5559240739531592
1.1454342865355451
-0.9653989629588644
2.419678009117952
0.7388668490833481
1.2143902408822258
1.781500937698833
1.7194242689143628
1.1080697111074957
1.2229942774466114
-0.8855308079220201
0.6570297319045801
0.6154158621619517
-0.355975213774091
2.2240199388291884
0.3449819775274172
1.7813881698687948
2.6270355527254634
-0.43470145869061194
1.7524348331806436
2.1175357629296085
0.5008854472896187
1.818951121396645
1.9825099059375564
0.5088870697395695
0.5118635726936764
1.5917694011994536
-0.10256558559736129
0.377019533030041
2.481465497147853
0.4718370024608932
1.8200315011595942
1.774587615635319
1.164609222337326
0.8810420415463948
0.5706990323531336
1.10543400333967
0.09409992520447441
0.22599577585448694
0.6975037608520107
0.8152122229124462
-0.1827964619685798
1.0677340484718687
1.2901015788855044
0.9537992265084119
3.8639701997440374
0.7687802674284454
0.8898770267149554
-0.24062965571410655
1.656682639505274
1.085302517906939
1.7758515495188147
1.5211711593430435
1.3345528834335083
2.4770531690137565
1.683563305195193
0.8909255792133056
1.42246002882635
1.5412595444835078
0.3731990241087869
0.7830298246174312
1.9281065153392474
2.450875311117746
0.8264754410095324
0.44648672030791614
