-0.3158174069944961
-1.2749255381481448
-0.33705904228047845
-0.7073546165551825
-2.02681858896943
-0.3365101379149618
-2.9735055978512297
-0.3566780569075477
-1.4979251617585103
-1.844773385452864
-2.0148894331367284
-1.8023821575232057
-0.20115585483538195
-1.246690358484571
-2.03502634015741
-0.4122312455696532
-0.06433727142830892
-1.4451083214753404
-2.0364700310448343
-1.064508996092718
-0.025903892244349302
-0.9028987647472599
0.6677195925381869
-0.7658195169832056
0.8606694425538846
-1.5101761532878337
-0.8975716098274408
-0.33355303047265805
-0.15132489226916362
0.18037469382901594
-0.052143935677882725
1.2488148253290106
-0.9116148858106012
-0.9293195718425415
1.214773880934004
0.6471837477025371
0.1721748323363853
0.651944062911233
-1.8361743659245036
-1.012938105105119
0.20539592033854348
-2.5782877657959298
0.054943936860807674
-0.4871901233687212
-1.6675588449323746
-0.8195978470153353
-0.556186827353352
-0.6013561828427701
-0.8765735832642663
-1.1654228928336208
-0.619029125364559
-0.43075145043727153
0.12383495483723639
1.3092042207901997
-0.23360489112800087
0.3240376845603299
-0.9305372659451104
0.22189561536180047
-0.5827583251429695
-0.4322550949814113
-1.9784542662343612
-1.5297321346737214
-1.7350302764643957
-0.8735973322362551
-0.06305888384636743
-1.6189206011267276
-2.831062385912774
-0.4986972709173978
0.25401365894331585
-0.9092081106534037
-1.1687161958407593
0.5912574235164705
-0.06793624237221763
-0.412810661527132
-1.2997009740599266
-1.8500378879462118
0.13880789168205065
0.37453896908116
-0.938123394908903
0.022431019334708036
0.4439951325593897
-0.07074765841019931
-0.8684153969736265
1.2898614156241968
-0.4920466390680206
-1.089663525222122
1.653306272254353
-0.2480387740266748
-1.4882059747565688
-1.4039495713207688
-1.155590489838512
0.7367525715100176
-1.1549865102498362
-1.961866670993481
0.2818988615873429
-0.33928396029259966
-1.577518289361005
0.49119995904226266
-0.07909207498347026
0.5417160932545466
