-2.199462497947231
0.7247258710307527
-1.1082061434550896
-0.9834988119995203
-1.2839385091091204
1.0671006383392125
-1.410027885468206
-1.1534973735894227
-2.0422924643049205
-1.6752783508858287
-1.2199643747655626
-0.08195575141633127
-0.9037970260717322
-1.7685134844601804
-0.6913747155652363
-0.5773997304223921
-2.0207769693056945
0.1824098412050723
-2.1212221432560314
-3.3596368726742507
-1.3884225692086787
-0.45514042087390394
-1.1252274523698436
1.1448457181745275
-1.3760298351730773
-1.263177274663688
-0.8393492666810906
-2.347304271185464
-0.3822433166352255
-1.1563805285126736
1.1033788397172066
-1.4439736628900897
-1.584748625531498
-0.6254486180784853
-1.0275911419284853
-0.15711538560799243
-2.617667286396176
-1.9008818724694558
-0.7429386899919926
-1.9997896367195098
-0.81254386619215
1.3417586823785217
0.3827737645436413
-0.7707238239953595
-0.3633857081347861
-0.2925699123516672
-1.1233861833052774
-2.816322887931892
-1.7168214012340133
-0.05480646527914168
-0.07119991971253592
-1.4295339931459115
-1.8647862244542188
2.2559377803183844
-1.5047824374084382
-0.045547307437074025
-0.525055107737358
0.02598576212456649
-0.9463531505723896
0.9245395410219732
-0.10085428649014594
-1.6321516234147522
-0.12448594313706407
0.2585314543612478
-0.5890094539807074
-0.6914851997841123
0.1953596610658359
0.43587607449851595
-1.7007137319567254
0.17821077480724834
-2.0802284361389303
-1.1079574743177378
-0.2857014260605365
-1.3765781710707634
0.4783924596981799
-1.1584587336452377
-0.607268220471344
0.3033942192619574
0.6370026323783204
-0.7419298771185909
-3.2107900924307233
0.10771596952277274
-1.307253967006486
-0.8928188799297538
-1.6097168353133338
0.7891478038580366
-1.3955685236983242
-1.6754935475180799
-1.4878933279622544
-0.4744620837469615
-1.311839878011138
-3.2365852192556637
-3.160395064233562
-2.390033395017726
-1.1061779611029912
0.09740055819798776
-0.662172303220159
-0.3919965910512633
-0.36518312300308375
-3.0093028191809013
