-----False Positives Indices-----
-----False Negatives Indices-----
188
33119
36627
108913
109192
116870
117599
300575
300817
302003
303821
305606
307174
321702
322204
323098
323968
324800
325647
326615
331189
331684
332528
333382
334210
335042
335882
336733
337562
338379
339349
340199
340682
341542
342379
343200
344038
344865
346091
346931
347770
348303
349145
349974
350792
351346
352173
352994
353544
354377
355212
356033
356833
357658
358493
359322
359873
360403
360945
361749
362568
363113
363927
364464
365017
365563
366386
367197
368020
368545
369098
369642
370176
370716
371536
372093
372621
373446
375729
376303
376858
377398
377625
381194
383575
386884
387439
388001
389444
391444
392010
392550
393115
393645
394762
395613
396434
397575
398408
399829
400376
400914
401463
401723
413166
417447
418031
420433
421021
421584
422136
422688
424125
426494
427050
427618
428159
428718
429261
432534
433120
434611
436066
436616
437182
437726
437749
439172
480583
480987
482061
482884
483713
484552
485045
485461
486326
487163
487997
488840
489673
490506
491343
492163
492722
493566
494385
495221
496051
496588
498254
498824
499376
499936
500483
500516
501037
502020
